atomic
1	1.50776	0.00463367
2	2.83873	0.0609435
4	8.30889	0.583211
8	8.51296	0.562745
16	8.97468	0.0788518
32	9.05421	0.0599599
3.1415926535901399497
critical_extra_var
1	1.87217	0.0173629
2	3.07594	0.0966277
4	5.44223	0.0253416
8	5.33047	0.014352
16	5.33252	0.0490485
32	5.027	0.22201
3.1415926535899116878
critical
1	1.9475	0.0926266
2	3.33644	0.106795
4	5.68706	0.102202
8	4.73235	0.136948
16	4.73551	0.0435655
32	4.95362	0.0408325
3.1415926535899387773
reduction
1	1.86732	0.119292
2	1.025	0.0663717
4	0.579122	0.0163195
8	0.376498	0.0180676
16	0.267054	0.013613
32	0.222441	0.00694884
3.1415926535898091032
reduction_dynamic
1	3.13787	0.23317
2	2.52154	0.0695258
4	3.06708	0.337908
8	2.82229	0.24016
16	2.30602	0.220697
32	2.49539	0.382282
3.1415926535897829019
serial
1	1.70665	0.0471311
2	1.88456	0.0573942
4	1.95852	0.114407
8	2.0024	0.118541
16	2.08768	0.0645022
32	2.08355	0.0826303
3.1415926535904263872
